10
3 3
3 4 16
1 2 1 3
1 3 1 3
1 1 2 2
1 18
10
1 1 1 1
1 1 1 1
1 1 1 1
1 1 1 1
1 1 1 1
1 1 1 1
1 1 1 1
1 1 1 1
1 1 1 1
1 1 1 1
1 1 1 1
1 1 1 1
1 1 1 1
1 1 1 1
1 1 1 1
1 1 1 1
1 1 1 1
1 1 1 1
10 19
1 4 4 5 5 9 11 12 13 18
1 9 9 10
1 10 6 9
1 3 4 10
1 9 4 6
1 1 1 9
1 1 8 8
1 8 3 6
1 8 5 7
1 10 7 9
1 8 8 8
1 6 4 6
1 2 6 8
1 8 1 6
1 2 3 6
1 6 1 3
1 1 2 7
1 2 3 9
1 4 2 3
1 10 5 10
1 15
6
1 1 1 1
1 1 1 1
1 1 1 1
1 1 1 1
1 1 1 1
1 1 1 1
1 1 1 1
1 1 1 1
1 1 1 1
1 1 1 1
1 1 1 1
1 1 1 1
1 1 1 1
1 1 1 1
1 1 1 1
1 13
5
1 1 1 1
1 1 1 1
1 1 1 1
1 1 1 1
1 1 1 1
1 1 1 1
1 1 1 1
1 1 1 1
1 1 1 1
1 1 1 1
1 1 1 1
1 1 1 1
1 1 1 1
10 14
2 5 10 13 13 14 15 17 18 19
1 4 3 8
1 6 4 8
1 8 2 5
1 6 7 7
1 10 3 4
1 10 1 3
1 3 5 6
1 9 2 6
1 9 2 5
1 8 3 9
1 6 4 6
1 8 1 3
1 6 4 7
1 5 1 3
12 12
4 4 6 7 8 8 8 15 17 18 18 19
1 12 12 12
1 5 7 8
1 9 4 6
1 12 5 6
1 8 10 11
1 12 7 8
1 1 3 6
1 4 8 11
1 7 2 7
1 1 9 11
1 3 6 12
1 4 3 7
6 3
3 4 7 7 15 18
1 1 2 5
1 4 2 4
1 4 4 5
15 11
3 5 5 6 8 9 11 12 13 13 13 17 17 17 19
1 14 1 7
1 5 6 15
1 3 6 7
1 12 1 5
1 1 5 9
1 9 1 5
1 15 12 14
1 11 9 11
1 12 2 9
1 4 8 14
1 8 11 12
16 8
1 2 3 3 6 7 9 9 10 11 14 15 18 18 19 19
1 3 5 14
1 6 11 16
1 1 3 15
1 2 1 1
1 6 6 10
1 6 7 12
1 14 5 12
1 1 9 12
